%YAML:1.0
---
HOGDescriptorEsp2: !!opencv-object-detector-hog
   winSize: [ 32, 32 ]
   blockSize: [ 16, 16 ]
   blockStride: [ 8, 8 ]
   cellSize: [ 8, 8 ]
   nbins: 9
   derivAperture: 1
   winSigma: 4.
   histogramNormType: 0
   L2HysThreshold: 2.0000000000000001e-01
   gammaCorrection: 0
   nlevels: 64
   signedGradient: 0
   SVMDetector: [ -1.83224753e-01, 1.09957322e-01, -2.53320247e-01,
       -7.59498060e-01, -6.42492101e-02, -1.00560176e+00,
       -5.47972560e-01, -1.04805982e+00, -1.81033701e-01, 4.63092297e-01,
       1.00554354e-01, -2.69390464e-01, -3.00268561e-01, -2.80160587e-02,
       -4.53580111e-01, 2.83117861e-01, 6.73946813e-02, 8.22615683e-01,
       1.99398831e-01, -2.91179568e-02, 4.07022417e-01, -2.69193184e-02,
       9.44476068e-01, 4.43028241e-01, 1.69666499e-01, -6.88278258e-01,
       3.50677848e-01, 5.47562182e-01, 1.23247318e-01, 1.45829171e-01,
       7.17596292e-01, 7.24208593e-01, 1.02025020e+00, 4.21776414e-01,
       1.61529601e-01, 7.59498060e-01, 1.25470966e-01, -2.29253709e-01,
       2.60245234e-01, -3.28524351e-01, -1.30678952e-01, -7.08844960e-01,
       4.66295809e-01, 1.88186869e-01, 8.43769133e-01, -6.97192013e-01,
       -3.72870266e-01, -6.19578183e-01, -7.71042466e-01,
       -1.31409764e-01, -1.00824976e+00, -7.50504658e-02,
       -1.29419163e-01, 1.52399987e-01, 6.31992638e-01, 4.64862853e-01,
       8.79909635e-01, 6.72002137e-01, 1.82871059e-01, 6.19856417e-01,
       7.27829635e-01, 9.08150256e-01, 1.02515507e+00, 5.80299139e-01,
       5.88134468e-01, 6.34445548e-01, 7.35598922e-01, -1.09015077e-01,
       5.57640433e-01, 2.72826821e-01, 6.56812549e-01, 3.84350240e-01,
       7.60910392e-01, -1.09322242e-01, -2.53920943e-01, -3.06960642e-01,
       1.80061281e-01, -1.88874658e-02, 6.66903138e-01, 2.12510854e-01,
       4.34700072e-01, 1.87075660e-01, -2.10714750e-02, -2.47651935e-01,
       -7.47436881e-01, -9.55271840e-01, 2.30023656e-02, -8.83603692e-01,
       -1.07548118e+00, -4.56174195e-01, 5.44169247e-01, 1.01786830e-01,
       2.26734802e-01, 1.00963616e+00, 2.88241178e-01, 5.01110315e-01,
       1.40128434e-01, 4.11097050e-01, 4.46881652e-01, 1.00367211e-01,
       6.24890029e-01, -3.30372870e-01, -3.11181515e-01, 5.61845839e-01,
       -1.22936644e-01, -9.82842520e-02, -5.53033650e-02, 1.79320931e-01,
       -4.27864671e-01, -5.09161592e-01, 2.05284938e-01, -6.60995662e-01,
       7.49400258e-02, 6.79836469e-03, -2.35000327e-01, -9.87542927e-01,
       -3.84679109e-01, 4.46332872e-01, 1.29577070e-02, 8.28867674e-01,
       5.15192389e-01, 7.87008166e-01, 7.57969201e-01, 6.36244476e-01,
       -2.45286711e-03, 2.78752834e-01, -9.21214744e-02, -8.94029364e-02,
       -3.41775179e-01, -3.53054851e-01, 2.84215868e-01, -4.15618598e-01,
       -3.78927141e-01, -8.11407566e-02, -2.95077115e-01, 6.28585815e-01,
       -3.42939049e-02, 1.70597419e-01, 1.08241928e+00, 5.15854061e-01,
       7.80820787e-01, 1.22163558e+00, 4.84035350e-02, -6.40766397e-02,
       -2.13136792e-01, 1.40705436e-01, 6.29508257e-01, 4.47190851e-01,
       3.21505070e-01, 6.55285418e-01, 2.90741175e-01, -2.14164764e-01,
       -4.08292145e-01, -5.95050216e-01, 2.54212081e-01, -3.49512160e-01,
       2.29367793e-01, 7.23585010e-01, 3.64640534e-01, 3.23351681e-01,
       -4.17924732e-01, -9.51882541e-01, -1.79442018e-02,
       -2.50534490e-02, 4.67540354e-01, 6.05550110e-01, 8.48643035e-02,
       1.47976071e-01, 8.24678779e-01, 3.20863798e-02, -1.56655043e-01,
       -4.99653131e-01, 1.45373300e-01, 3.57219994e-01, 1.07168332e-01,
       1.12569809e-01, 6.34554261e-03, 2.23189324e-01, 1.95707455e-01,
       -3.84302348e-01, 7.74985731e-01, 3.97774905e-01, 6.63682878e-01,
       1.23926723e+00, 5.91713548e-01, 8.98077488e-01, 7.72516191e-01,
       8.60044137e-02, 1.06749468e-01, -1.45009696e-01, 2.07678914e-01,
       -3.99698615e-01, -4.35067534e-01, -3.95636797e-01,
       -7.13079572e-01, -3.41039449e-01, -3.47976267e-01,
       -2.97526836e-01, 1.31979212e-01, 5.86339712e-01, 5.45095563e-01,
       1.05937696e+00, 2.85154492e-01, 1.16975653e+00, 2.70544946e-01,
       8.99400413e-01, 3.92166108e-01, 2.29465272e-02, 2.49219853e-02,
       -5.52860856e-01, -4.64810550e-01, -6.30341530e-01,
       -1.67065874e-01, -4.77772765e-02, 1.64498866e-01, -5.03372788e-01,
       4.38281596e-01, 1.83138236e-01, 9.26319323e-03, 2.06692353e-01,
       4.70196813e-01, -2.67610699e-01, -9.81400087e-02, 4.35898155e-02,
       1.89622447e-01, 2.35873178e-01, 5.01029730e-01, 6.89385235e-02,
       -6.71319366e-02, 2.90271848e-01, 4.16572034e-01, 8.81603137e-02,
       6.01080835e-01, 4.48995203e-01, -5.69346011e-01, -6.49856687e-01,
       -3.07377219e-01, -8.05409253e-01, -5.91140628e-01,
       -8.19185823e-02, 2.31968597e-01, -3.95938069e-01, -5.72232902e-01,
       2.12338910e-01, -1.19835146e-01, -5.21363497e-01, -4.30791467e-01,
       -4.49879080e-01, -5.45441471e-02, 6.64512217e-01, 1.32470757e-01,
       -1.58808697e-02, 3.51836085e-01, 5.55609167e-01, 7.05456018e-01,
       -3.22920978e-01, 2.72163391e-01, 1.29984289e-01, 3.78828824e-01,
       3.53779852e-01, 2.33109102e-01, 5.27131617e-01, 3.16124648e-01,
       4.77013826e-01, 3.60082209e-01, -3.77250016e-01, 3.50624859e-01,
       1.35020506e+00, 9.09559846e-01, 2.35604063e-01, 6.86457083e-02,
       -1.91762730e-01, -7.12145805e-01, -7.47986615e-01,
       -8.85747910e-01, -8.79496396e-01, -5.54361418e-02,
       -7.19008982e-01, -4.37096566e-01, 7.63943568e-02, -6.46242023e-01,
       -3.96814615e-01, -4.52020913e-01, -9.62053061e-01,
       -1.04332995e+00, 7.83229232e-01, -6.69884145e-01, -3.44703317e-01,
       4.68134061e-02, 9.27774370e-01, 4.01812673e-01, 9.62701976e-01,
       5.93176708e-02, 1.69677183e-01, 6.88175023e-01, 2.98882604e-01,
       6.52258873e-01, 4.24651295e-01, 4.43335146e-01, -2.46596932e-01,
       3.40612888e-01, 3.07586133e-01, -1.51030689e-01, -1.40974030e-01,
       -7.82185048e-02, -1.22432470e-01, 2.93813229e-01, 3.71173829e-01,
       -4.02060181e-01, 1.90331534e-01, -2.54519373e-01, -2.87934035e-01,
       6.16706431e-01, -8.40606749e-01, 7.89654732e-01, -2.69618124e-01,
       -2.28661656e-01, -4.84016538e-01, -1.00367272e+00,
       -6.78510010e-01, -5.15343845e-01, -8.72155488e-01,
       -8.47597003e-01, -5.50655603e-01, -4.55651855e+00 ]
