%YAML:1.0
---
HOGDescriptorEsp1: !!opencv-object-detector-hog
   winSize: [ 32, 32 ]
   blockSize: [ 16, 16 ]
   blockStride: [ 8, 8 ]
   cellSize: [ 8, 8 ]
   nbins: 9
   derivAperture: 1
   winSigma: 4.
   histogramNormType: 0
   L2HysThreshold: 2.0000000000000001e-01
   gammaCorrection: 0
   nlevels: 64
   signedGradient: 0
   SVMDetector: [ -2.41778001e-01, 5.98582029e-01, -1.09031808e+00,
       -9.62385178e-01, -3.32903713e-01, -1.22201875e-01,
       -8.50712240e-01, 8.31532404e-02, -4.79368746e-01, 1.03098249e+00,
       -9.55379367e-01, 1.09446216e+00, 2.70348966e-01, -2.38974262e-02,
       -4.73317474e-01, 1.38057828e+00, 5.71215153e-01, -3.88860375e-01,
       2.11184889e-01, 2.04343751e-01, 8.22176158e-01, -2.42061988e-02,
       6.98435724e-01, 9.18303728e-01, 3.95696223e-01, 2.59918869e-01,
       -2.52928622e-02, 3.59636873e-01, -2.28340790e-01, -3.19153011e-01,
       1.43854573e-01, 7.95610011e-01, -2.04728082e-01, -4.71481323e-01,
       -7.90174484e-01, 4.17714147e-03, 1.39486289e+00, -2.03579977e-01,
       3.71126324e-01, -7.02093959e-01, -4.72962350e-01, -5.47843754e-01,
       3.77232611e-01, -1.12607932e+00, 7.80377209e-01, -1.18217409e+00,
       -2.35042870e-01, -3.65865231e-02, -1.38738966e+00,
       -1.35951951e-01, -9.36503887e-01, -2.01164395e-01,
       -1.20268285e+00, -9.19580698e-01, 3.39968920e-01, 1.11736166e+00,
       8.26247931e-01, 1.44211495e+00, -2.09784910e-01, 2.79106212e+00,
       -8.98553804e-02, 1.85781765e+00, 1.40276515e+00, 5.88723779e-01,
       6.13781631e-01, 3.49176913e-01, 1.36248910e+00, 3.01477194e-01,
       1.04836130e+00, 1.23347843e+00, 1.24474311e+00, 1.14326620e+00,
       1.34851921e+00, 1.72530692e-02, 8.93232897e-02, 4.82109278e-01,
       -4.15249504e-02, -1.23098254e-01, 1.09528124e+00, 3.60794991e-01,
       1.76849842e+00, -1.32586050e+00, -1.79646865e-01, -2.17491135e-01,
       -7.89073467e-01, -1.28298640e+00, 7.94766426e-01, -1.06164336e+00,
       -3.43516111e-01, -2.00453207e-01, -1.45527542e-01, 2.30523258e-01,
       -1.75741211e-01, 6.42309189e-01, 1.04034044e-01, 1.19227600e+00,
       -1.42807293e+00, -2.25029677e-01, 1.60358287e-02, -3.77733618e-01,
       2.31205061e-01, 3.34733985e-02, -4.25181806e-01, 1.52273083e+00,
       5.43040298e-02, 1.01528704e+00, 4.30906922e-01, 7.72809505e-01,
       -3.22128713e-01, -2.09085032e-01, -9.99203771e-02,
       -1.02754807e+00, 4.63667512e-03, 5.88343814e-02, -7.63841450e-01,
       -4.76412773e-01, -3.49450201e-01, 1.17770076e+00, 4.07700151e-01,
       1.06717718e+00, 6.26234651e-01, 1.09167144e-01, 5.93688846e-01,
       3.39755327e-01, 1.37845540e+00, 2.00387426e-02, -1.51254028e-01,
       -5.10262668e-01, -7.87108392e-02, -1.78165466e-01,
       -4.41318005e-01, -3.15592974e-01, 5.61743259e-01, -9.45916772e-01,
       8.23507756e-02, -1.91771269e-01, 6.43575564e-02, -4.56462711e-01,
       1.55560362e+00, 9.15158689e-01, 1.44694877e+00, 1.60232008e+00,
       -3.06109220e-01, 1.07374835e+00, -2.64695048e-01, -4.46676344e-01,
       1.50938952e+00, -1.92146528e+00, 1.01738453e+00, -3.27499032e-01,
       -4.55125034e-01, -1.16049945e+00, -6.84213102e-01,
       -1.39898694e+00, -3.29649955e-01, -1.34291041e+00,
       -4.20585603e-01, 5.53452015e-01, -6.65711641e-01, 1.27597415e+00,
       -5.34302056e-01, -1.54689896e+00, 1.47230178e-01, 3.46299261e-01,
       -4.60102975e-01, -1.89536456e-02, -1.70752019e-01,
       -7.20017910e-01, 1.37769902e+00, -6.27392352e-01, -9.46550369e-01,
       -1.45678473e+00, -7.91796148e-01, 6.69680357e-01, -4.40957010e-01,
       3.15759182e-01, -4.01555419e-01, -4.20152932e-01, 6.39465749e-01,
       -6.30305409e-01, 2.27568913e+00, 6.21391952e-01, 1.49822605e+00,
       7.70304322e-01, -1.13243870e-02, 4.14132684e-01, 1.19273412e+00,
       4.60355669e-01, 1.09385014e+00, -9.80576575e-01, -1.46258008e-02,
       2.91669279e-01, -6.23773694e-01, -4.60260510e-01, -9.31338489e-01,
       -2.78621882e-01, -3.68521631e-01, -7.95578718e-01,
       -4.70057070e-01, 2.29700476e-01, 9.32068944e-01, 1.64261341e+00,
       5.28858863e-02, 2.27379775e+00, -1.26869178e+00, 7.50658929e-01,
       1.77117789e+00, -4.02858704e-01, 4.72731858e-01, -1.43350840e+00,
       -2.80236363e-01, -1.70983523e-01, -1.87008739e-01, 3.18386137e-01,
       -2.36573577e-01, 2.52351403e-01, 5.09869099e-01, 1.70470154e+00,
       -3.26620072e-01, 7.66227305e-01, 7.24449575e-01, 2.67968059e-01,
       1.72611773e-01, 6.96935177e-01, -1.66638985e-01, -1.30364549e+00,
       -9.39050093e-02, 6.87051177e-01, -5.06256700e-01, -7.28243291e-02,
       -3.49359098e-03, -1.26079464e+00, 1.19116187e+00, 7.82075286e-01,
       -5.39386533e-02, -1.09702349e+00, -5.91513693e-01,
       -8.37260723e-01, -1.09626937e+00, -4.07437027e-01, 4.16676402e-02,
       -5.79666793e-01, -8.11295867e-01, 1.24413466e+00, 6.90763474e-01,
       -1.02840185e-01, 1.20492242e-01, 2.60017097e-01, 7.49586046e-01,
       6.95782304e-01, -7.30428398e-02, 7.44797895e-03, 1.45612866e-01,
       7.56378174e-01, 3.07566226e-01, 4.44258422e-01, 3.20886523e-02,
       2.20372245e-01, 4.66731280e-01, 6.42044067e-01, 1.14823437e+00,
       3.07381779e-01, 6.20173037e-01, 5.05714953e-01, -1.20389462e-01,
       -4.45972890e-01, -4.78592396e-01, 9.24605489e-01, 4.13581803e-02,
       -5.65808546e-03, 2.98947264e-02, -1.40693700e+00, 3.23574953e-02,
       -6.70862913e-01, -1.21967793e+00, -8.93372357e-01, 2.53558934e-01,
       -5.59615791e-01, -6.14565432e-01, -1.69606656e-01,
       -1.75384328e-01, -4.52922076e-01, -9.92578447e-01,
       -4.97099251e-01, -1.02852142e+00, 4.79593873e-01, -3.77119035e-01,
       -5.24848759e-01, 1.74220249e-01, 1.20133018e+00, -6.26852870e-01,
       3.34654570e-01, 4.61629361e-01, 3.11628699e-01, 8.80137682e-01,
       1.61278863e-02, 1.97521284e-01, 9.91178691e-01, -3.01386509e-02,
       1.04278636e+00, 3.44448149e-01, 1.53730452e+00, 3.12540144e-01,
       7.73289561e-01, 2.41807535e-01, -3.84197533e-01, 2.64461160e-01,
       -3.42395931e-01, 1.32010591e+00, 2.84623891e-01, 9.51020978e-03,
       4.18097615e-01, 5.65090656e-01, -6.75834179e-01, 1.71559811e+00,
       -7.14843273e-01, 2.51067489e-01, -1.24997628e+00, -1.73677027e-01,
       -1.22826695e+00, -2.57366300e-01, -5.89725018e-01, 3.28515358e-02,
       -4.73733872e-01, -6.23723459e+00 ]
