%YAML:1.0
---
HOGDescriptorEsp: !!opencv-object-detector-hog
   winSize: [ 32, 32 ]
   blockSize: [ 16, 16 ]
   blockStride: [ 8, 8 ]
   cellSize: [ 4, 4 ]
   nbins: 9
   derivAperture: 1
   winSigma: 4.
   histogramNormType: 0
   L2HysThreshold: 2.0000000000000001e-01
   gammaCorrection: 0
   nlevels: 64
   signedGradient: 0
   SVMDetector: [ -5.63629031e-01, -4.92225915e-01, -1.96122959e-01,
       7.88468495e-03, -9.54981208e-01, -4.27507490e-01, -7.18887925e-01,
       -4.77529109e-01, 1.13148674e-01, 5.49661703e-02, -2.99279839e-01,
       2.00036049e-01, 6.05558574e-01, -5.48919797e-01, -9.49794233e-01,
       -2.41309822e-01, -6.06372952e-01, 8.74488711e-01, 7.80404925e-01,
       -2.80875415e-01, 1.00105214e+00, 6.25437796e-02, -2.26878509e-01,
       -5.95865369e-01, 9.89330471e-01, 7.35482812e-01, 1.81758419e-01,
       -3.12509298e-01, 3.82615983e-01, 3.56311709e-01, 7.80824065e-01,
       -4.38778311e-01, 2.81512707e-01, -4.25667286e-01, 1.23628438e-03,
       4.01137397e-02, -3.98812741e-01, -4.60390568e-01, 6.87335730e-01,
       -1.53861940e+00, 1.23359895e+00, -9.17685986e-01, -4.54677165e-01,
       -3.16477239e-01, -1.15634894e+00, 6.37464166e-01, 4.28607792e-01,
       3.83128017e-01, -3.53467822e-01, 5.74131131e-01, -2.90280759e-01,
       5.21843433e-01, 3.70224029e-01, 2.01737732e-01, 6.28678679e-01,
       -1.75529718e-01, -5.97310126e-01, -7.51073718e-01, 3.60129237e-01,
       -4.91059959e-01, -4.93734598e-01, -5.55143535e-01,
       -8.19849551e-01, 8.56017828e-01, 8.54841590e-01, 7.26709783e-01,
       3.60480845e-01, 1.10753810e+00, 8.37715089e-01, 3.83101463e-01,
       1.37417006e+00, 7.29082286e-01, 3.33812088e-01, -2.74382588e-02,
       1.16664982e+00, -8.72532725e-01, 6.93626478e-02, 5.68053164e-02,
       -5.49214184e-01, 2.42807105e-01, -1.14743614e+00, -2.48852931e-02,
       1.71594650e-01, -1.59682944e-01, -6.96729243e-01, 2.05328792e-01,
       -6.52081788e-01, -1.36848092e-01, -3.33866954e-01, 9.77181494e-02,
       -7.51344442e-01, -7.79752254e-01, -9.89709735e-01,
       -1.21687770e-01, 3.07813853e-01, -6.89582348e-01, -8.28315914e-01,
       -7.07856178e-01, 1.11353643e-01, -4.27763522e-01, 1.22097170e+00,
       4.35683101e-01, 6.46681130e-01, -7.80932665e-01, 9.26536694e-03,
       1.29945087e+00, 1.03619194e+00, 9.29329813e-01, -6.82025373e-01,
       -1.89220235e-01, -7.28971362e-01, 2.67527640e-01, 3.58740240e-01,
       1.64800182e-01, 8.91615897e-02, -7.12136552e-02, -5.45310676e-01,
       1.13832116e+00, 6.86839461e-01, -4.24183697e-01, 1.19227774e-01,
       1.89972371e-02, 2.87997723e-01, 1.71049464e+00, 2.71902889e-01,
       1.60754621e+00, 1.07740760e+00, 1.03816044e+00, -2.12265149e-01,
       2.95335025e-01, 1.94682658e-01, 6.63350642e-01, 6.38062432e-02,
       8.29635322e-01, -3.04182291e-01, 2.04584226e-01, 2.35751018e-01,
       7.18833566e-01, 1.37012386e+00, 1.51140141e+00, 2.51600218e+00,
       1.45033288e+00, 1.28134763e+00, -2.43070841e-01, 3.52205276e-01,
       6.21941864e-01, 3.90876770e-01, 6.61614239e-01, -2.72418320e-01,
       -1.62229866e-01, 5.73308542e-02, 2.78965533e-01, 4.69248742e-01,
       -6.59341455e-01, -6.13616884e-01, -5.68269253e-01,
       -5.74259460e-01, -7.04255104e-01, 1.03433244e-01, 1.90534577e-01,
       -2.19362732e-02, -1.84413269e-01, 7.10124731e-01, -1.96359888e-01,
       4.34381694e-01, -2.48437654e-02, -7.61425972e-01, -8.21016669e-01,
       3.74002874e-01, -1.03254385e-01, 4.54860389e-01, 2.42741004e-01,
       -2.83074886e-01, -6.01578914e-02, 1.75117135e-01, -1.29206926e-01,
       7.92884469e-01, 3.35459441e-01, 4.10452992e-01, 2.08977852e-02,
       9.56625223e-01, 8.85287702e-01, 3.51829827e-01, -6.61958575e-01,
       1.29708219e+00, 1.20304704e+00, -5.45618713e-01, 8.12389016e-01,
       8.05361867e-01, 8.17642987e-01, 1.16614841e-01, 8.20607841e-01,
       -3.99397612e-01, 6.53459191e-01, -9.51258063e-01, 8.83605540e-01,
       -4.56044734e-01, 5.58021367e-01, -9.84950006e-01, 9.99300539e-01,
       -6.69564903e-01, -5.01594722e-01, 2.16350004e-01, -1.31743699e-01,
       6.74665153e-01, 1.00047067e-01, 1.95965916e-01, 8.31021309e-01,
       1.01723719e+00, 4.79690671e-01, 6.81411922e-01, 1.13788450e+00,
       1.02770615e+00, 1.07887077e+00, 1.43878984e+00, 2.46014968e-01,
       1.00150776e+00, 2.42354318e-01, 1.62313628e+00, 1.77743822e-01,
       -4.30138409e-01, 1.57144412e-01, 3.29286963e-01, -4.95575964e-01,
       5.58119476e-01, 4.47847366e-01, -5.85970521e-01, -1.06858775e-01,
       -3.30830812e-01, 4.20370191e-01, 1.23919189e-01, -7.59738505e-01,
       -5.91140330e-01, 1.23630702e-01, 1.93985194e-01, 2.96514690e-01,
       3.65022689e-01, -3.54069263e-01, 6.01863682e-01, -4.13377196e-01,
       -8.04511547e-01, -4.26128097e-02, -3.71224374e-01, 2.06878543e-01,
       -6.00339174e-01, 4.46418315e-01, 3.32758904e-01, -1.12919614e-01,
       -3.53885859e-01, 2.65387595e-01, -5.62974572e-01, -6.81459069e-01,
       7.50035346e-01, 1.51165485e+00, -1.33566841e-01, 7.59596303e-02,
       -9.27997380e-02, 3.67641807e-01, -5.26424885e-01, -4.02340382e-01,
       -7.04323873e-02, 1.89375508e+00, 1.19315565e+00, 2.16092849e+00,
       1.53406358e+00, 1.48499680e+00, 1.33957744e+00, 2.14508724e+00,
       1.89999950e+00, 1.61737001e+00, 8.44152570e-01, 1.36698449e+00,
       4.11079556e-01, 1.00329375e+00, 4.19265449e-01, 1.27181160e+00,
       -2.26750627e-01, 1.89266777e+00, 1.62988770e+00, -3.30326021e-01,
       1.78334460e-01, -1.71269858e+00, 7.80161142e-01, -8.49044472e-02,
       2.31267139e-01, -8.12533379e-01, 4.08512577e-02, -2.40997225e-01,
       2.44581848e-01, -1.23180270e-01, 6.44825876e-01, 7.33422697e-01,
       -5.30491352e-01, -6.76512942e-02, -4.17437702e-01,
       -9.77746025e-02, 2.34121203e-01, 2.23483905e-01, -1.04217911e+00,
       -9.22026455e-01, 3.92323315e-01, -4.93027538e-01, 1.58134215e-02,
       -7.91485488e-01, 5.12953758e-01, 1.93819910e-01, 1.28559902e-01,
       1.50424704e-01, 4.81853932e-01, 5.89360595e-01, -1.12429535e+00,
       2.64349282e-01, 6.15006447e-01, -7.41814375e-02, 8.57084453e-01,
       -7.73605525e-01, 1.68625808e+00, -9.15651381e-01, -6.10665083e-01,
       5.45692980e-01, 1.04380049e-01, 4.11461383e-01, -5.36497355e-01,
       -9.35329497e-01, 4.23431545e-01, 8.08479726e-01, 1.46453023e+00,
       6.55001938e-01, 1.08013177e+00, 1.19656575e+00, -5.50633818e-02,
       6.25480637e-02, 1.88989854e+00, -7.13958442e-01, -2.12954059e-01,
       -1.51101977e-01, -8.94829512e-01, 3.63234766e-02, -7.46578157e-01,
       6.66531101e-02, -4.32068586e-01, 4.84234840e-03, 3.80202115e-01,
       -1.08266145e-01, 6.24373198e-01, -1.00041974e+00, -9.43284780e-02,
       -7.99047574e-03, -2.87728161e-01, -4.98544812e-01, 7.34437406e-01,
       -5.04261494e-01, 2.47540459e-01, -2.91450799e-01, -1.32684678e-01,
       7.46312976e-01, -2.91220695e-01, 2.66667187e-01, -4.75411057e-01,
       -9.64398265e-01, 9.29744065e-01, 2.66834289e-01, -3.27691048e-01,
       -3.42191547e-01, -8.50749969e-01, 4.74186301e-01, 1.40007091e+00,
       6.30876184e-01, 8.52114677e-01, 3.24066311e-01, -4.99326795e-01,
       3.85334820e-01, -5.66433847e-01, 4.31760907e-01, -1.01830566e+00,
       -7.12287068e-01, -2.50783443e-01, -3.98855396e-02,
       -3.10544610e-01, 3.76743935e-02, 1.69639751e-01, -3.93766433e-01,
       2.50239372e-01, -1.01676106e+00, 6.65966690e-01, -3.61573279e-01,
       -7.11824000e-02, 1.70190483e-01, -2.07004815e-01, 2.46893182e-01,
       -2.13643819e-01, 1.17852092e+00, -1.30940032e+00, 2.70507243e-02,
       1.23976238e-01, -7.80527145e-02, 1.40825659e-01, 6.87168002e-01,
       2.44180083e+00, 1.96230292e+00, 5.62662542e-01, 1.69193935e+00,
       -1.43019229e-01, 5.76450765e-01, 2.85264522e-01, -6.00769341e-01,
       4.47330683e-01, 2.28532642e-01, 1.36250055e+00, 4.26133662e-01,
       6.96760714e-01, 3.87066454e-01, 3.08113009e-01, 3.96814942e-01,
       9.36598003e-01, 7.16710508e-01, 2.13678572e-02, 9.77186561e-01,
